10 8 2
0.058823 0.755000 0.491803 0 0 0.388972 0.043125 0.016667 
0 1 
0.882353 0.680000 0.573770 0.320000 0.130024 0.552906 0.032024 0.366667 
1 0 
0.823529 0.875000 0.508197 0.300000 0 0.500745 0.057216 0.283333 
1 0 
0.411765 0.500000 0 0 0 0.447094 0.173356 0.183333 
1 0 
0.235294 0.580000 0.590164 0.120000 0.102837 0.329359 0.164389 0.266667 
0 1 
0.411765 0.310000 0.639344 0 0 0.485842 0.133646 0.333333 
0 1 
0.058823 0.700000 0.606557 0.260000 0.212766 0.359165 0.320239 0.033333 
0 1 
0.058823 0.485000 0.540984 0.150000 0.165485 0.345753 0.174637 0.016667 
0 1 
0.411765 0.405000 0.639344 0.400000 0.056738 0.695976 0.078138 0.350000 
0 1 
0.235294 0.740000 0.491803 0.270000 0.375887 0.460507 0.030743 0.133333 
1 0 
