683 5 3
5 -27 -27 -22 -71 
128 0 0 
4 -31 -31 -22 -71 
128 0 0 
7 -28 -28 -22 -71 
128 0 0 
7 -25 -25 -22 -71 
128 0 0 
1 -24 -24 -22 -71 
128 0 0 
2 -47 -47 -22 -71 
128 0 0 
7 -42 -42 -22 -71 
128 0 0 
8 -44 -44 -22 -71 
128 0 0 
0 -46 -46 -22 -71 
128 0 0 
1 -41 -41 -22 -71 
128 0 0 
-9 -47 -47 -22 -71 
128 0 0 
28 61 61 52 116 
0 0 128 
28 63 63 44 109 
0 0 128 
26 3 3 40 85 
0 0 128 
28 1 1 42 104 
0 0 128 
25 2 2 31 103 
0 0 128 
28 5 5 23 90 
0 0 128 
16 -11 -11 16 73 
0 0 128 
17 -11 -11 14 77 
0 0 128 
16 -60 -60 12 60 
0 0 128 
7 -62 -62 8 66 
0 0 128 
4 -34 -35 5 51 
0 0 128 
4 -11 -11 1 34 
0 0 128 
0 -9 -9 3 48 
0 0 128 
2 -13 -13 5 60 
0 0 128 
2 -14 -14 6 68 
0 0 128 
4 -16 -16 3 60 
0 0 128 
2 -15 -15 2 55 
0 0 128 
8 5 5 1 54 
0 0 128 
7 9 9 0 54 
0 0 128 
5 -15 -15 2 72 
0 0 128 
7 -15 -15 1 60 
0 0 128 
5 -15 -15 1 57 
0 0 128 
-128 63 66 -12 5 
0 128 0 
-109 -27 -26 -10 27 
0 128 0 
-91 -45 -45 -9 29 
0 128 0 
-72 0 0 -8 45 
0 128 0 
-57 -13 -13 -10 19 
0 128 0 
1 -6 -6 -8 34 
0 0 128 
7 -5 -5 -8 49 
0 0 128 
7 5 5 -19 -24 
0 128 0 
0 4 4 -18 -6 
0 128 0 
2 5 5 -19 -18 
0 128 0 
5 -11 -11 -19 -18 
0 128 0 
-1 -11 -11 -18 -4 
0 128 0 
-6 -11 -11 -17 9 
0 128 0 
2 -51 -51 -19 0 
0 0 128 
5 -50 -50 -19 0 
0 0 128 
7 -48 -48 -16 12 
0 0 128 
10 -65 -65 -16 0 
0 0 128 
17 -64 -64 -17 -13 
0 0 128 
19 -65 -65 -16 -3 
0 0 128 
16 -65 -65 -17 -17 
0 0 128 
14 -42 -42 -17 -17 
0 0 128 
13 -41 -41 -18 -49 
0 0 128 
10 -42 -42 -18 -49 
0 0 128 
7 -43 -43 -17 -33 
0 0 128 
5 -44 -44 -18 -34 
0 0 128 
-4 -47 -47 -18 -34 
0 0 128 
-4 -4 -4 -17 -40 
0 0 128 
5 -5 -5 -12 -26 
0 0 128 
5 -23 -23 -12 -26 
0 0 128 
7 18 18 -8 -25 
0 0 128 
16 19 19 -3 -27 
0 0 128 
20 18 18 1 -5 
0 0 128 
20 19 19 1 -5 
0 0 128 
-1 14 14 -22 -71 
128 0 0 
-3 -3 -3 -22 -71 
128 0 0 
-6 -29 -29 -22 -71 
128 0 0 
-9 -30 -30 -22 -71 
128 0 0 
-6 -32 -32 -22 -71 
128 0 0 
-4 -34 -34 -22 -71 
128 0 0 
-9 -60 -60 -22 -71 
128 0 0 
-7 -60 -60 -22 -71 
128 0 0 
-6 -58 -58 -22 -71 
128 0 0 
-7 -59 -59 -22 -71 
128 0 0 
-6 -59 -59 -22 -71 
128 0 0 
1 -56 -56 -22 -71 
128 0 0 
11 -61 -61 24 15 
128 0 0 
8 -63 -63 24 15 
128 0 0 
8 -60 -60 18 5 
128 0 0 
10 -54 -54 18 3 
128 0 0 
22 -51 -51 18 -1 
128 0 0 
20 -26 -26 17 8 
128 0 0 
23 -26 -26 8 -6 
128 0 0 
23 -26 -26 4 -16 
128 0 0 
25 -24 -24 -2 -21 
128 0 0 
26 -20 -20 -2 -19 
128 0 0 
28 -27 -27 11 5 
128 0 0 
68 -9 -9 97 93 
0 0 128 
59 -40 -40 78 87 
0 0 128 
37 -46 -46 69 77 
0 0 128 
26 -34 -34 66 81 
0 0 128 
37 -30 -30 66 84 
0 0 128 
34 -16 -16 61 71 
0 0 128 
29 -15 -15 54 56 
0 0 128 
31 -11 -11 47 58 
0 0 128 
28 -21 -21 55 59 
0 0 128 
28 -21 -22 42 34 
0 0 128 
32 -23 -23 36 17 
0 0 128 
34 -35 -35 29 3 
0 0 128 
29 -46 -46 25 1 
0 0 128 
28 -59 -59 22 -3 
0 0 128 
28 -60 -60 25 10 
0 0 128 
31 -65 -65 22 6 
0 0 128 
38 -80 -80 16 6 
0 0 128 
40 -78 -78 19 11 
0 0 128 
46 -69 -69 19 9 
0 0 128 
26 -37 -37 -15 -52 
0 128 0 
20 -36 -36 -12 -50 
0 128 0 
23 -32 -32 -12 -50 
0 128 0 
17 -33 -33 -12 -55 
0 128 0 
32 -28 -28 29 21 
0 0 128 
34 -43 -44 23 9 
0 0 128 
41 -44 -45 29 20 
0 0 128 
34 -56 -56 32 28 
0 0 128 
10 -11 -11 -7 -37 
0 128 0 
10 5 5 -7 -37 
0 128 0 
19 5 5 -7 -37 
0 128 0 
13 23 23 0 -36 
0 128 0 
10 21 21 5 -33 
0 128 0 
38 -18 -18 54 26 
0 0 128 
29 -21 -21 54 39 
0 0 128 
31 -11 -11 54 38 
0 0 128 
26 -35 -35 54 36 
0 0 128 
26 -16 -16 50 30 
0 0 128 
25 -17 -17 45 19 
0 0 128 
22 -16 -16 38 13 
0 0 128 
16 18 18 34 18 
0 0 128 
14 11 11 40 30 
0 0 128 
17 10 10 32 22 
0 0 128 
11 0 0 36 34 
0 0 128 
13 -1 -1 43 37 
0 0 128 
16 -19 -19 53 49 
0 0 128 
16 -19 -19 51 37 
0 0 128 
26 -3 -3 8 -5 
128 0 0 
17 -5 -5 8 -8 
128 0 0 
22 -4 -4 10 -6 
128 0 0 
19 4 4 5 -15 
128 0 0 
17 2 2 7 -12 
128 0 0 
20 16 16 -1 -33 
128 0 0 
17 16 16 8 -9 
128 0 0 
20 4 4 11 -4 
128 0 0 
22 5 5 14 6 
128 0 0 
22 4 4 8 -2 
128 0 0 
19 1 1 5 -9 
128 0 0 
-6 -73 -74 -22 -71 
128 0 0 
-9 -73 -73 -22 -71 
128 0 0 
-13 -73 -73 -22 -71 
128 0 0 
-12 -71 -71 -22 -71 
128 0 0 
-6 -72 -72 -22 -71 
128 0 0 
-9 -73 -73 -22 -71 
128 0 0 
-7 -72 -72 -22 -71 
128 0 0 
-10 -69 -69 -22 -71 
128 0 0 
-9 -67 -67 -22 -71 
128 0 0 
-9 -64 -64 -22 -71 
128 0 0 
-9 -65 -65 -22 -71 
128 0 0 
14 38 38 17 40 
0 0 128 
8 39 39 14 41 
0 0 128 
5 38 38 11 33 
0 0 128 
5 38 38 12 40 
0 0 128 
7 55 55 9 35 
0 0 128 
11 39 39 3 27 
0 0 128 
4 7 7 2 24 
0 0 128 
11 8 8 3 27 
0 0 128 
7 -35 -35 -2 13 
0 0 128 
7 -35 -36 -5 3 
0 0 128 
13 -32 -32 1 19 
0 0 128 
11 8 8 5 26 
0 0 128 
4 -15 -15 7 38 
0 0 128 
5 -10 -10 11 45 
0 0 128 
14 17 17 14 48 
0 0 128 
13 25 25 14 52 
0 0 128 
13 26 26 14 48 
0 0 128 
17 26 26 22 66 
0 0 128 
11 13 13 21 62 
0 0 128 
10 -9 -9 24 69 
0 0 128 
11 -8 -8 25 65 
0 0 128 
10 5 5 20 53 
0 0 128 
2 10 10 6 29 
0 128 0 
1 9 9 4 27 
0 128 0 
-4 8 8 4 26 
0 128 0 
-1 32 32 5 23 
0 128 0 
1 45 45 3 24 
0 128 0 
-7 38 38 -7 2 
0 128 0 
-16 24 24 -11 -9 
0 128 0 
-16 24 24 -12 -12 
0 128 0 
-9 4 4 -12 -13 
0 128 0 
-12 5 5 -10 -1 
0 128 0 
-13 4 4 -10 -1 
0 128 0 
-15 -49 -49 -12 -12 
0 128 0 
4 -72 -72 -13 -25 
0 0 128 
-1 -72 -72 -16 -36 
0 0 128 
2 -24 -24 -16 -36 
0 0 128 
8 -23 -23 -12 -23 
0 0 128 
4 -2 -2 -8 -10 
0 0 128 
7 -4 -4 0 13 
0 0 128 
13 -5 -5 -1 8 
0 0 128 
14 7 7 -2 -3 
0 0 128 
17 21 21 1 12 
0 0 128 
16 37 37 3 27 
0 0 128 
-15 1 1 -19 -52 
0 128 0 
-21 0 0 -19 -52 
0 128 0 
-19 22 22 -19 -52 
0 128 0 
-18 31 31 -18 -47 
0 128 0 
-16 25 25 -17 -42 
0 128 0 
-1 -12 -12 0 19 
0 0 128 
-6 -30 -30 -3 3 
0 0 128 
-7 -29 -29 -2 9 
0 0 128 
-1 -3 -3 -1 19 
0 0 128 
-1 11 11 0 27 
0 0 128 
-4 -14 -14 0 27 
0 0 128 
-1 -14 -14 -3 25 
0 0 128 
0 -13 -13 -2 30 
0 0 128 
7 -11 -11 0 32 
0 0 128 
5 -12 -12 0 33 
0 0 128 
-12 -62 -62 -21 -60 
128 0 0 
-10 -62 -63 -21 -61 
128 0 0 
-12 -63 -63 -21 -61 
128 0 0 
-15 -26 -26 -21 -61 
128 0 0 
-13 4 4 -21 -61 
128 0 0 
-16 3 3 -21 -61 
128 0 0 
-15 1 1 -18 -44 
128 0 0 
-10 0 0 -14 -21 
128 0 0 
-9 23 23 -12 -16 
128 0 0 
-13 22 22 -12 -20 
128 0 0 
-4 44 44 -12 -20 
128 0 0 
-4 -27 -27 -22 -71 
128 0 0 
-3 -24 -24 -22 -71 
128 0 0 
-1 -23 -23 -22 -71 
128 0 0 
-3 -21 -21 -22 -71 
128 0 0 
-4 -22 -22 -22 -71 
128 0 0 
-1 -24 -24 -22 -71 
128 0 0 
-6 -22 -22 -22 -71 
128 0 0 
-3 -50 -50 -22 -71 
128 0 0 
-9 -52 -52 -22 -71 
128 0 0 
-9 -54 -54 -22 -71 
128 0 0 
-12 -57 -57 -22 -71 
128 0 0 
-10 62 63 10 53 
0 0 128 
-15 62 62 6 42 
0 0 128 
-10 -64 -64 4 58 
0 0 128 
-13 -64 -64 4 69 
0 0 128 
-16 -64 -65 2 73 
0 0 128 
-12 -68 -68 3 81 
0 0 128 
-12 -69 -69 2 65 
0 0 128 
-7 -65 -65 1 58 
0 0 128 
-9 -66 -66 -3 45 
0 0 128 
-12 -66 -66 -2 43 
0 0 128 
-18 -67 -67 -3 31 
0 0 128 
-12 -35 -35 1 61 
0 0 128 
-12 -36 -36 3 66 
0 0 128 
-13 -36 -36 2 66 
0 0 128 
-21 -71 -71 -16 -3 
0 128 0 
-18 -69 -69 -15 15 
0 128 0 
-19 -70 -70 -16 1 
0 128 0 
-21 -69 -70 -14 32 
0 128 0 
-16 -68 -68 -13 44 
0 128 0 
-21 -1 -1 -10 83 
0 0 128 
-19 -2 -2 -9 84 
0 0 128 
-16 -2 -2 -12 40 
0 0 128 
-13 -1 -1 -14 20 
0 0 128 
-9 9 9 -16 13 
0 0 128 
-15 9 9 -16 13 
0 0 128 
-22 -21 -21 -15 13 
0 0 128 
-15 -54 -54 -18 -5 
0 0 128 
-13 -54 -54 -19 -18 
0 0 128 
-16 -63 -63 -20 -8 
0 128 0 
-13 -60 -61 -20 -8 
0 128 0 
-9 -59 -59 -20 -8 
0 128 0 
-9 -55 -55 -21 -32 
0 128 0 
-10 -57 -57 -19 16 
0 128 0 
-18 -31 -31 -18 -28 
0 0 128 
-18 -27 -27 -19 -40 
0 0 128 
-16 -51 -51 -20 -58 
0 0 128 
-18 -55 -55 -22 -71 
0 0 128 
-7 -63 -63 -22 -71 
0 0 128 
-6 -57 -57 -22 -48 
0 0 128 
-3 -54 -54 -21 -26 
0 0 128 
0 -55 -55 -21 -26 
0 0 128 
0 -57 -57 -21 -26 
0 0 128 
7 -21 -21 -21 -26 
0 0 128 
5 -20 -20 -21 -26 
0 0 128 
2 -20 -20 -21 -26 
0 0 128 
0 -17 -17 -19 4 
0 0 128 
2 13 13 -21 -39 
0 0 128 
-1 12 13 -20 -12 
0 0 128 
-4 12 12 -19 -10 
0 0 128 
-4 13 13 -20 -31 
0 0 128 
-18 26 26 -22 -71 
128 0 0 
-19 0 0 -22 -71 
128 0 0 
-24 0 0 -22 -71 
128 0 0 
-24 42 42 -22 -71 
128 0 0 
-24 43 43 -22 -71 
128 0 0 
-22 43 43 -22 -71 
128 0 0 
-19 44 44 -22 -71 
128 0 0 
-19 44 44 -22 -71 
128 0 0 
-16 3 3 -22 -71 
128 0 0 
-15 42 42 -22 -71 
128 0 0 
-12 43 43 -22 -71 
128 0 0 
-6 14 14 -22 -71 
128 0 0 
-6 14 14 -22 -71 
128 0 0 
-3 -14 -14 -22 -71 
128 0 0 
-7 8 8 -22 -71 
128 0 0 
-10 -24 -24 -22 -71 
128 0 0 
-9 -27 -27 -22 -71 
128 0 0 
-4 -28 -28 -22 -71 
128 0 0 
-7 -30 -30 -22 -71 
128 0 0 
-1 -31 -31 -22 -71 
128 0 0 
-3 9 9 -22 -71 
128 0 0 
-7 30 30 -22 -71 
128 0 0 
-4 11 11 -22 -71 
128 0 0 
-9 40 40 -22 -71 
128 0 0 
16 -33 -33 -1 32 
0 0 128 
16 -34 -34 -6 13 
0 0 128 
13 -67 -67 -10 0 
0 0 128 
2 -46 -46 -14 -6 
0 0 128 
-1 -47 -47 -16 -8 
0 0 128 
7 -32 -32 -17 -14 
0 0 128 
4 9 9 -16 -5 
0 0 128 
-3 40 40 -17 -14 
0 0 128 
1 43 43 -19 -35 
0 0 128 
1 65 65 -20 -37 
0 0 128 
1 87 87 -20 -51 
0 0 128 
1 79 79 -17 -42 
0 0 128 
-1 77 78 -16 -40 
0 0 128 
-6 70 70 -10 -17 
0 0 128 
-1 43 43 -7 -7 
0 0 128 
5 14 14 -6 1 
0 0 128 
4 14 14 -3 17 
0 0 128 
2 -14 -14 0 30 
0 0 128 
1 -53 -53 0 39 
0 0 128 
4 -16 -16 -1 26 
0 0 128 
4 -15 -15 -2 32 
0 0 128 
1 -16 -16 -6 24 
0 0 128 
4 -20 -20 -7 20 
0 0 128 
-1 -22 -22 -8 20 
0 0 128 
-4 -24 -24 -8 27 
0 0 128 
-1 -23 -23 -9 20 
0 0 128 
-3 -25 -25 -7 36 
0 0 128 
1 -66 -66 -6 41 
0 0 128 
-9 -31 -31 -16 -28 
0 128 0 
-9 -34 -34 -18 -15 
0 128 0 
-10 -70 -71 -19 -21 
0 128 0 
1 -48 -48 -17 -1 
0 128 0 
2 4 4 -17 -1 
0 128 0 
4 5 5 -18 -14 
0 128 0 
2 5 5 -17 -2 
0 128 0 
-4 69 69 -5 37 
0 0 128 
2 -1 -1 -20 -28 
0 128 0 
1 -34 -34 -20 -25 
0 128 0 
1 -34 -34 -20 -25 
0 128 0 
1 -35 -35 -19 -11 
0 128 0 
-3 32 32 -17 -16 
0 0 128 
-4 62 62 -17 -16 
0 0 128 
-4 47 47 -13 -9 
0 0 128 
-6 47 47 -14 0 
0 0 128 
-6 48 48 -16 -16 
0 0 128 
-4 66 66 -15 -15 
0 0 128 
-3 51 51 -13 2 
0 0 128 
-9 49 50 -12 11 
0 0 128 
-3 26 26 -12 -14 
0 0 128 
-6 -9 -9 -12 -14 
0 0 128 
-4 -29 -29 -15 -21 
0 0 128 
-10 -10 -10 -16 -25 
0 0 128 
-9 -10 -10 -14 -25 
0 0 128 
-13 -43 -43 -13 -20 
0 0 128 
-12 -44 -44 -14 -40 
0 0 128 
-10 -9 -9 -12 -28 
0 0 128 
11 -49 -49 -22 -71 
128 0 0 
16 -48 -48 -22 -71 
128 0 0 
11 -28 -28 -22 -71 
128 0 0 
13 -11 -11 -22 -71 
128 0 0 
14 -11 -11 -22 -71 
128 0 0 
11 15 15 -22 -71 
128 0 0 
10 15 15 -22 -71 
128 0 0 
10 37 37 -22 -54 
128 0 0 
11 41 41 -22 -54 
128 0 0 
8 40 40 -22 -54 
128 0 0 
13 11 11 -22 -54 
128 0 0 
38 5 5 8 6 
0 0 128 
44 25 25 3 -1 
0 0 128 
43 26 26 -5 -9 
0 0 128 
40 20 20 -7 -13 
0 0 128 
28 20 20 -17 -39 
0 0 128 
22 12 12 -17 -39 
0 0 128 
16 -9 -9 -18 -37 
0 0 128 
11 -10 -10 -18 -40 
0 0 128 
8 -11 -11 -16 -19 
0 0 128 
2 -65 -65 -15 -14 
0 0 128 
0 -67 -68 -13 -5 
0 0 128 
-4 -69 -69 -13 4 
0 0 128 
-1 -69 -70 -10 23 
0 0 128 
-4 -52 -52 -10 23 
0 0 128 
4 -50 -50 -11 13 
0 0 128 
0 -50 -50 -12 -3 
0 0 128 
2 -50 -50 -12 4 
0 0 128 
10 -6 -6 -8 11 
0 0 128 
11 11 11 -1 12 
0 0 128 
14 10 10 0 7 
0 0 128 
26 9 9 -9 -7 
0 128 0 
22 8 8 -9 -7 
0 128 0 
14 -10 -10 -9 -7 
0 128 0 
10 -11 -11 -10 -28 
0 128 0 
5 3 3 -10 -28 
0 128 0 
4 4 4 -14 -42 
0 128 0 
0 -17 -17 -18 -53 
0 128 0 
0 -47 -47 -19 -58 
0 128 0 
-4 26 26 -21 -61 
0 128 0 
2 10 10 -20 -50 
0 128 0 
5 9 9 -19 -46 
0 128 0 
2 8 8 -19 -46 
0 128 0 
14 9 9 1 27 
0 0 128 
11 -9 -9 4 32 
0 0 128 
11 -26 -26 4 31 
0 0 128 
4 -26 -26 1 16 
0 0 128 
7 -25 -25 5 46 
0 0 128 
4 -45 -45 5 35 
0 0 128 
5 -42 -42 9 47 
0 0 128 
0 -20 -20 5 38 
0 0 128 
1 -33 -33 7 45 
0 0 128 
1 -33 -33 2 34 
0 0 128 
2 -33 -33 4 35 
0 0 128 
8 -33 -33 8 33 
0 0 128 
16 1 1 18 37 
0 0 128 
16 22 22 23 53 
0 0 128 
5 -7 -7 8 11 
128 0 0 
16 18 18 10 19 
128 0 0 
14 18 18 12 23 
128 0 0 
17 44 44 20 24 
128 0 0 
20 56 56 20 24 
128 0 0 
22 62 62 19 23 
128 0 0 
20 91 91 18 26 
128 0 0 
10 85 85 9 6 
128 0 0 
7 125 125 4 11 
128 0 0 
0 108 108 6 13 
128 0 0 
1 107 107 6 21 
128 0 0 
-13 4 4 -22 -71 
128 0 0 
-10 66 66 -22 -71 
128 0 0 
-6 66 66 -22 -71 
128 0 0 
-9 67 67 -22 -71 
128 0 0 
-6 70 70 -22 -71 
128 0 0 
-9 34 34 -22 -71 
128 0 0 
-7 78 78 -22 -71 
128 0 0 
-10 79 80 -22 -71 
128 0 0 
-6 109 109 -22 -71 
128 0 0 
-3 92 92 -22 -71 
128 0 0 
-1 92 93 -22 -71 
128 0 0 
-4 118 118 26 81 
0 0 128 
-7 94 95 19 77 
0 0 128 
-12 86 86 11 63 
0 0 128 
-12 44 44 5 61 
0 0 128 
-9 27 28 2 52 
0 0 128 
-6 27 27 -2 30 
0 0 128 
-6 8 8 -1 44 
0 0 128 
-4 19 19 1 56 
0 0 128 
-10 0 0 1 61 
0 0 128 
-1 32 32 2 56 
0 0 128 
-3 34 34 6 82 
0 0 128 
0 23 23 4 74 
0 0 128 
0 22 22 6 77 
0 0 128 
0 40 40 11 98 
0 0 128 
4 38 38 7 69 
0 0 128 
2 45 45 4 76 
0 0 128 
4 44 45 1 64 
0 0 128 
-3 14 14 2 73 
0 0 128 
1 48 48 0 64 
0 0 128 
1 31 31 1 71 
0 0 128 
-3 31 31 4 83 
0 0 128 
-19 90 90 -11 -7 
0 128 0 
-16 69 69 -9 7 
0 128 0 
-13 70 70 -5 24 
0 128 0 
-15 60 60 -5 34 
0 128 0 
-16 37 38 -2 51 
0 128 0 
5 57 57 22 100 
0 0 128 
2 83 83 22 89 
0 0 128 
-1 97 97 16 81 
0 0 128 
-1 81 81 14 87 
0 0 128 
-4 69 69 13 83 
0 0 128 
-16 -69 -69 -12 -12 
0 128 0 
-15 -28 -28 -8 8 
0 128 0 
-16 28 28 -6 18 
0 128 0 
-28 67 67 -1 8 
0 0 128 
-24 69 69 -1 15 
0 0 128 
-19 77 77 -2 16 
0 0 128 
-21 56 56 0 32 
0 0 128 
-16 14 14 -3 28 
0 0 128 
-22 14 14 -5 17 
0 0 128 
-22 14 14 -7 10 
0 0 128 
-18 -16 -16 -12 -3 
0 0 128 
-9 -41 -41 -12 6 
0 0 128 
-9 -41 -41 -8 24 
0 0 128 
-12 -19 -19 -9 14 
0 0 128 
-7 -16 -16 -10 14 
0 0 128 
-10 19 19 -7 21 
0 0 128 
-6 41 41 0 45 
0 0 128 
-10 88 88 -22 -71 
128 0 0 
-7 59 59 -22 -71 
128 0 0 
-12 61 61 -22 -71 
128 0 0 
-9 85 85 -22 -71 
128 0 0 
-7 84 84 -22 -71 
128 0 0 
-7 85 85 -22 -71 
128 0 0 
-10 91 91 -22 -71 
128 0 0 
-9 66 66 -22 -71 
128 0 0 
0 67 67 -22 -71 
128 0 0 
-1 88 89 -22 -71 
128 0 0 
-1 80 80 -22 -71 
128 0 0 
-27 -3 -3 -21 -65 
128 0 0 
-30 -4 -4 -21 -55 
128 0 0 
-30 -4 -3 -13 -22 
128 0 0 
-28 -2 -2 -4 -1 
128 0 0 
-33 -4 -4 -2 6 
128 0 0 
-37 -4 -4 -2 8 
128 0 0 
-40 -5 -5 -2 8 
128 0 0 
-40 -77 -77 -2 8 
128 0 0 
-43 -1 -1 -3 0 
128 0 0 
-45 -1 -1 -3 0 
128 0 0 
-42 -1 -1 -12 -39 
128 0 0 
-43 43 43 88 114 
0 0 128 
-36 13 13 81 126 
0 0 128 
-33 -29 -29 76 117 
0 0 128 
-31 -71 -71 74 128 
0 0 128 
-33 -34 -34 72 122 
0 0 128 
-36 113 113 71 104 
0 0 128 
-30 112 112 73 100 
0 0 128 
-33 126 127 74 105 
0 0 128 
-22 124 124 72 96 
0 0 128 
-25 121 122 64 84 
0 0 128 
-22 119 120 62 93 
0 0 128 
-25 118 118 59 77 
0 0 128 
-27 91 91 66 103 
0 0 128 
-25 -32 -32 66 115 
0 0 128 
-21 2 2 60 123 
0 0 128 
-22 -23 -23 54 108 
0 0 128 
-28 15 15 54 107 
0 0 128 
-34 33 33 32 32 
0 128 0 
-31 31 31 40 51 
0 128 0 
-28 -2 -2 34 35 
0 128 0 
-25 -3 -3 34 31 
0 128 0 
-21 -3 -3 36 31 
0 128 0 
-31 27 27 38 64 
0 0 128 
-34 27 27 33 43 
0 0 128 
-31 28 28 29 35 
0 0 128 
-40 -40 -40 12 33 
0 128 0 
-45 -41 -41 3 2 
0 128 0 
-46 -5 -5 11 21 
0 128 0 
-40 -4 -4 23 43 
0 128 0 
-39 -3 -3 22 36 
0 128 0 
-40 -31 -31 38 46 
0 128 0 
-28 24 24 31 53 
0 0 128 
-19 24 24 25 37 
0 0 128 
-24 -47 -47 25 28 
0 0 128 
-24 -46 -46 18 9 
0 0 128 
-28 -46 -46 15 4 
0 0 128 
-25 -47 -47 17 -6 
0 0 128 
-27 -84 -84 14 -4 
0 0 128 
-27 -80 -80 16 4 
0 0 128 
-24 -80 -80 9 -7 
0 0 128 
-30 -81 -81 7 -9 
0 0 128 
-28 -78 -78 8 2 
0 0 128 
-34 -80 -80 13 13 
0 0 128 
-34 -79 -79 16 16 
0 0 128 
-48 -31 -31 -22 -71 
128 0 0 
-45 -31 -31 -22 -71 
128 0 0 
-46 -35 -35 -22 -71 
128 0 0 
-43 6 6 -22 -71 
128 0 0 
-42 36 36 -22 -71 
128 0 0 
-42 62 62 -22 -71 
128 0 0 
-48 61 61 -21 -51 
128 0 0 
-48 60 60 -21 -51 
128 0 0 
-48 39 39 -21 -51 
128 0 0 
-46 38 38 -21 -51 
128 0 0 
-42 66 66 -19 -48 
128 0 0 
-25 44 44 -21 -51 
128 0 0 
-24 11 12 -21 -51 
128 0 0 
-24 65 65 -20 -41 
128 0 0 
-21 64 65 -19 -30 
128 0 0 
-19 85 86 -18 -18 
128 0 0 
-21 87 87 -19 -27 
128 0 0 
-16 90 90 -19 -27 
128 0 0 
-18 90 90 -19 -27 
128 0 0 
-19 44 44 -20 -37 
128 0 0 
-22 14 14 -21 -48 
128 0 0 
-19 -18 -18 -22 -59 
128 0 0 
-16 -54 -55 -3 16 
0 0 128 
-21 -73 -73 -5 16 
0 0 128 
-22 -73 -73 -9 19 
0 0 128 
-25 -71 -71 -12 17 
0 0 128 
-25 -75 -75 -12 3 
0 0 128 
-24 -75 -75 -13 6 
0 0 128 
-22 -74 -74 -13 23 
0 0 128 
-19 -71 -71 -12 30 
0 0 128 
-13 -71 -71 -14 25 
0 0 128 
-16 -69 -69 -14 24 
0 0 128 
-16 -69 -69 -14 18 
0 0 128 
-19 -69 -69 -15 18 
0 0 128 
-24 -71 -71 -16 23 
0 0 128 
-27 -70 -70 -15 32 
0 0 128 
-21 -70 -70 -15 14 
0 0 128 
-19 -24 -24 -18 -26 
0 128 0 
-19 -26 -26 -18 -26 
0 128 0 
-22 -27 -27 -19 -27 
0 128 0 
-25 -28 -28 -18 -13 
0 128 0 
-28 -26 -26 -18 -13 
0 128 0 
-1 -62 -62 -13 -5 
0 0 128 
0 -58 -59 -15 -16 
0 0 128 
-15 56 57 -17 -19 
0 128 0 
-18 15 15 -19 -27 
0 128 0 
-18 14 14 -20 -43 
0 128 0 
-24 -68 -68 -7 38 
0 0 128 
-22 -68 -68 -6 44 
0 0 128 
-21 -73 -73 -9 27 
0 0 128 
-25 -75 -75 -9 27 
0 0 128 
-19 -36 -36 -9 27 
0 0 128 
-25 -14 -14 -9 29 
0 0 128 
-27 -14 -14 -9 31 
0 0 128 
-24 -15 -15 -10 21 
0 0 128 
-27 -16 -16 -12 22 
0 0 128 
-24 -17 -17 -13 15 
0 0 128 
-19 -17 -17 -11 37 
0 0 128 
-12 5 5 -9 44 
0 0 128 
-13 -18 -18 -6 53 
0 0 128 
-15 11 12 -2 68 
0 0 128 
-7 12 12 2 75 
0 0 128 
-13 25 25 -22 -71 
128 0 0 
-13 18 19 -22 -71 
128 0 0 
-22 9 9 -22 -71 
128 0 0 
-19 12 12 -22 -71 
128 0 0 
-24 -21 -21 -22 -71 
128 0 0 
-21 -20 -20 -22 -71 
128 0 0 
-21 14 14 -22 -71 
128 0 0 
-21 14 14 -22 -71 
128 0 0 
-13 43 43 -22 -71 
128 0 0 
-21 17 17 -22 -71 
128 0 0 
-18 20 20 -22 -71 
128 0 0 
14 -25 -25 -17 -58 
128 0 0 
19 -11 -11 -14 -44 
128 0 0 
17 -12 -12 -17 -50 
128 0 0 
20 -38 -38 -17 -50 
128 0 0 
17 -25 -25 -20 -56 
128 0 0 
20 -38 -38 -20 -56 
128 0 0 
14 -29 -29 -17 -51 
128 0 0 
11 -29 -29 -17 -51 
128 0 0 
11 -15 -16 -20 -66 
128 0 0 
7 -30 -30 -20 -66 
128 0 0 
1 -7 -7 -20 -66 
128 0 0 
88 120 120 128 98 
0 0 128 
88 123 123 105 94 
0 0 128 
77 123 123 94 84 
0 0 128 
70 125 125 82 61 
0 0 128 
73 116 116 70 53 
0 0 128 
76 113 113 65 53 
0 0 128 
68 104 104 59 54 
0 0 128 
59 126 126 53 50 
0 0 128 
62 99 99 60 59 
0 0 128 
62 105 105 65 62 
0 0 128 
67 109 109 62 57 
0 0 128 
70 111 111 69 71 
0 0 128 
74 117 117 69 74 
0 0 128 
77 107 107 77 79 
0 0 128 
88 116 116 75 72 
0 0 128 
94 98 98 71 63 
0 0 128 
89 103 103 63 55 
0 0 128 
91 107 107 59 54 
0 0 128 
89 97 97 52 43 
0 0 128 
85 89 89 38 21 
0 0 128 
86 83 83 51 39 
0 0 128 
83 128 128 47 33 
0 0 128 
67 47 47 19 17 
0 128 0 
62 61 61 12 2 
0 128 0 
68 56 56 29 24 
0 128 0 
65 33 33 23 13 
0 128 0 
70 29 29 36 10 
0 128 0 
58 49 49 13 -21 
0 128 0 
50 28 28 6 -26 
0 128 0 
50 21 21 17 1 
0 128 0 
52 38 38 20 7 
0 128 0 
61 92 92 31 22 
0 0 128 
61 90 90 40 37 
0 0 128 
61 76 76 44 37 
0 0 128 
61 87 87 44 31 
0 0 128 
68 66 66 51 36 
0 0 128 
62 66 66 45 34 
0 0 128 
70 55 55 62 46 
0 0 128 
